0000000000001111111111110000000000
0000000000001111111111110000000000
0000000011111111111100001100000000
0000000011111111111100001100000000
0000001111111111110000000011000000
0000001111111111110000000011000000
0011111111111111110000001100110000
0011111111111111110000001100110000
1100000000111111110000001100110000
1100000000111111110000001100110000
1100000000001111111100000000110000
1100000000001111111100000000110000
1100000000001111111111111111111100
1100000000001111111111111111111100
0011000000111111111100000000000011
0011000000111111111100000000000011
0000111111111111110011111111111100
0000111111111111110011111111111100
0000111111111111111100000000001100
0000111111111111111100000000001100
0000001111111111111111111111110000
0000001111111111111111111111110000
0000000000111111111100000000000000
0000000000111111111100000000000000
