00000000000000000000000011111111111111111111111100000000000000000000
00000000000000000000000011111111111111111111111100000000000000000000
00000000000000000000000011111111111111111111111100000000000000000000
00000000000000000000000011111111111111111111111100000000000000000000
00000000000000001111111111111111111111110000000011110000000000000000
00000000000000001111111111111111111111110000000011110000000000000000
00000000000000001111111111111111111111110000000011110000000000000000
00000000000000001111111111111111111111110000000011110000000000000000
00000000000011111111111111111111111100000000000000001111000000000000
00000000000011111111111111111111111100000000000000001111000000000000
00000000000011111111111111111111111100000000000000001111000000000000
00000000000011111111111111111111111100000000000000001111000000000000
00001111111111111111111111111111111100000000000011110000111100000000
00001111111111111111111111111111111100000000000011110000111100000000
00001111111111111111111111111111111100000000000011110000111100000000
00001111111111111111111111111111111100000000000011110000111100000000
11110000000000000000111111111111111100000000000011110000111100000000
11110000000000000000111111111111111100000000000011110000111100000000
11110000000000000000111111111111111100000000000011110000111100000000
11110000000000000000111111111111111100000000000011110000111100000000
11110000000000000000000011111111111111110000000000000000111100000000
11110000000000000000000011111111111111110000000000000000111100000000
11110000000000000000000011111111111111110000000000000000111100000000
11110000000000000000000011111111111111110000000000000000111100000000
11110000000000000000000011111111111111111111111111111111111111110000
11110000000000000000000011111111111111111111111111111111111111110000
11110000000000000000000011111111111111111111111111111111111111110000
11110000000000000000000011111111111111111111111111111111111111110000
00001111000000000000111111111111111111110000000000000000000000001111
00001111000000000000111111111111111111110000000000000000000000001111
00001111000000000000111111111111111111110000000000000000000000001111
00001111000000000000111111111111111111110000000000000000000000001111
00000000111111111111111111111111111100001111111111111111111111110000
00000000111111111111111111111111111100001111111111111111111111110000
00000000111111111111111111111111111100001111111111111111111111110000
00000000111111111111111111111111111100001111111111111111111111110000
00000000111111111111111111111111111111110000000000000000000011110000
00000000111111111111111111111111111111110000000000000000000011110000
00000000111111111111111111111111111111110000000000000000000011110000
00000000111111111111111111111111111111110000000000000000000011110000
00000000000011111111111111111111111111111111111111111111111100000000
00000000000011111111111111111111111111111111111111111111111100000000
00000000000011111111111111111111111111111111111111111111111100000000
00000000000011111111111111111111111111111111111111111111111100000000
00000000000000000000111111111111111111110000000000000000000000000000
00000000000000000000111111111111111111110000000000000000000000000000
00000000000000000000111111111111111111110000000000000000000000000000
00000000000000000000111111111111111111110000000000000000000000000000
